433
1437
242
1117
1246
1245
1438
1481
593
807
1410
272
1046
1379
1275
687
214
348
1122
897
1265
1249
876
1059
1330
1218
994
159
1396
155
328
1214
1404
1487
757
373
1137
718
1478
1055
1334
642
1009
628
1343
99
998
900
475
176
503
213
313
801
515
1050
827
1269
613
983
1232
884
707
645
1225
703
14
1274
1454
584
1420
1048
731
618
1324
1201
788
1126
1368
1169
267
1238
1104
885
66
1038
10
518
1442
811
1277
853
922
1465
794
993
478
547
1159
958
196
1025
1364
1473
1392
215
1036
211
1217
1178
1399
367
728
1457
1365
1211
519
914
41
17
633
251
874
875
1306
1221
688
4
1171
194
1386
1000
1342
1255
167
737
1119
1018
804
504
227
459
723
440
681
1241
120
1278
1372
1063
1193
209
1258
583
1254
840
1166
536
497
285
116
1128
839
65
738
1065
589
362
400
990
1237
479
736
1093
610
506
78
650
75
830
1200
721
979
1133
280
918
933
597
636
1227
73
644
1415
770
23
1323
1100
759
230
1307
1019
1337
282
1378
1295
1284
556
294
785
1460
439
1257
1223
528
649
273
659
1336
9
1491
374
477
1360
1064
35
947
472
653
72
1071
615
716
564
107
259
381
882
978
1047
438
620
249
1300
654
1466
310
1346
575
577
465
173
672
742
308
1206
1281
1381
1176
611
144
126
693
819
226
474
686
218
353
162
1463
1311
250
350
252
510
1165
389
1467
1134
911
46
1395
358
559
156
190
187
545
790
1082
1340
865
789
739
261
1426
466
262
1480
931
243
336
1205
387
664
787
720
70
1207
1441
1280
361
920
1314
327
1015
469
656
1190
390
1389
1251
522
1114
710
1212
62
33
314
567
607
982
1287
21
927
203
195
170
1353
326
1161
402
1363
868
1385
1033
324
782
1376
930
705
1081
1097
424
60
1434
449
966
568
1177
995
1024
1180
1002
1192
1453
1309
1261
1422
1149
127
179
1402
709
40
71
1462
906
244
130
1186
95
1135
419
565
84
192
207
1224
684
643
924
562
149
63
494
346
601
189
959
185
1448
1355
792
558
576
270
1216
1339
332
943
257
1270
447
1409
113
810
1433
199
403
456
660
619
895
223
1315
848
457
1099
1235
976
1413
1010
143
944
622
216
1039
434
117
968
823
92
910
101
351
1067
47
1468
1382
312
609
335
661
246
175
26
870
965
1475
269
417
219
343
513
625
191
1435
330
316
582
548
1012
398
482
1112
746
748
291
1158
38
1296
1401
91
349
145
131
410
276
777
552
820
741
42
174
997
467
776
923
553
1120
303
969
409
1057
538
795
971
1054
891
1263
1319
678
1450
695
231
80
682
913
1447
534
1268
103
817
632
138
83
1347
1474
67
418
652
1291
780
64
887
1037
1121
821
337
304
380
1455
235
851
941
925
832
981
806
492
1380
531
877
1151
436
783
781
1187
511
850
685
172
1032
375
284
1080
1157
847
904
307
1079
1040
57
370
1109
1098
970
1016
954
1289
255
376
239
689
1230
16
1264
205
886
1421
526
1196
627
134
481
1090
318
1076
1068
484
896
946
49
1276
236
406
669
655
147
437
182
292
719
871
150
423
1328
751
1110
1325
960
1326
1089
425
955
514
153
747
237
201
50
544
1091
365
1042
1400
909
271
1155
1229
1348
784
397
697
169
61
340
803
1419
808
18
665
1092
1203
128
866
81
1061
502
228
1118
673
831
1144
1471
277
206
1369
631
151
1052
382
1194
921
1490
281
32
383
614
856
31
892
391
964
1164
1272
1020
1197
468
30
764
323
1356
347
1108
5
25
860
408
733
520
111
1049
1053
1147
305
1459
1373
1290
321
557
1
889
1488
517
1418
360
1072
342
1461
1428
704
1486
1086
612
752
580
115
1452
1195
200
180
76
486
948
140
1299
68
1288
822
286
1350
571
1116
888
480
1351
1477
357
1267
279
798
588
378
1136
110
551
872
715
917
818
352
1005
1066
778
683
51
907
1425
1125
1313
364
939
288
666
1153
1301
1056
36
483
595
730
529
1008
1007
1208
171
1483
212
1210
204
638
932
1069
496
100
540
289
1431
999
869
1106
295
1143
442
527
148
1361
123
240
765
934
691
1304
861
1228
1384
676
164
573
651
297
448
422
1146
1293
1451
1142
1387
590
1130
1242
796
450
641
224
77
744
1083
956
637
532
428
1470
603
987
500
560
1240
663
1236
359
102
311
604
24
1423
516
1222
972
579
1148
1430
320
188
90
1317
1344
490
623
1084
89
521
181
815
129
293
1327
679
463
894
142
1393
591
386
356
488
555
1322
416
11
1030
1183
1198
125
1391
1006
112
114
756
1439
1320
953
1256
1349
1014
222
772
838
523
857
1303
743
178
674
779
542
717
754
546
302
996
1170
640
37
507
1226
1262
702
1446
97
441
274
635
132
296
1123
1156
616
708
233
1088
825
541
158
837
1329
1286
1297
1189
561
452
1308
991
824
1358
263
1043
461
430
1424
667
34
989
462
767
828
379
949
570
945
1445
1259
797
1310
301
121
160
1294
58
59
760
1412
763
802
491
773
1233
1026
1167
608
1406
166
1367
1335
392
393
446
1022
1429
1051
1388
1449
45
407
1416
812
563
1035
485
1316
912
384
680
20
509
1397
329
427
762
55
626
524
855
412
658
786
740
630
549
899
543
1173
79
1312
44
146
300
566
1172
1476
916
